cpu 100560 960 48000 8640000 9600 0 480 0 19200 0
cpu0 1000 10 500 90000 100 0 5 0 200 0
cpu1 1001 10 500 90000 100 0 5 0 200 0
cpu2 1002 10 500 90000 100 0 5 0 200 0
cpu3 1003 10 500 90000 100 0 5 0 200 0
cpu4 1004 10 500 90000 100 0 5 0 200 0
cpu5 1005 10 500 90000 100 0 5 0 200 0
cpu6 1006 10 500 90000 100 0 5 0 200 0
cpu7 1007 10 500 90000 100 0 5 0 200 0
cpu8 1008 10 500 90000 100 0 5 0 200 0
cpu9 1009 10 500 90000 100 0 5 0 200 0
cpu10 1010 10 500 90000 100 0 5 0 200 0
cpu11 1011 10 500 90000 100 0 5 0 200 0
cpu12 1012 10 500 90000 100 0 5 0 200 0
cpu13 1013 10 500 90000 100 0 5 0 200 0
cpu14 1014 10 500 90000 100 0 5 0 200 0
cpu15 1015 10 500 90000 100 0 5 0 200 0
cpu16 1016 10 500 90000 100 0 5 0 200 0
cpu17 1017 10 500 90000 100 0 5 0 200 0
cpu18 1018 10 500 90000 100 0 5 0 200 0
cpu19 1019 10 500 90000 100 0 5 0 200 0
cpu20 1020 10 500 90000 100 0 5 0 200 0
cpu21 1021 10 500 90000 100 0 5 0 200 0
cpu22 1022 10 500 90000 100 0 5 0 200 0
cpu23 1023 10 500 90000 100 0 5 0 200 0
cpu24 1024 10 500 90000 100 0 5 0 200 0
cpu25 1025 10 500 90000 100 0 5 0 200 0
cpu26 1026 10 500 90000 100 0 5 0 200 0
cpu27 1027 10 500 90000 100 0 5 0 200 0
cpu28 1028 10 500 90000 100 0 5 0 200 0
cpu29 1029 10 500 90000 100 0 5 0 200 0
cpu30 1030 10 500 90000 100 0 5 0 200 0
cpu31 1031 10 500 90000 100 0 5 0 200 0
cpu32 1032 10 500 90000 100 0 5 0 200 0
cpu33 1033 10 500 90000 100 0 5 0 200 0
cpu34 1034 10 500 90000 100 0 5 0 200 0
cpu35 1035 10 500 90000 100 0 5 0 200 0
cpu36 1036 10 500 90000 100 0 5 0 200 0
cpu37 1037 10 500 90000 100 0 5 0 200 0
cpu38 1038 10 500 90000 100 0 5 0 200 0
cpu39 1039 10 500 90000 100 0 5 0 200 0
cpu40 1040 10 500 90000 100 0 5 0 200 0
cpu41 1041 10 500 90000 100 0 5 0 200 0
cpu42 1042 10 500 90000 100 0 5 0 200 0
cpu43 1043 10 500 90000 100 0 5 0 200 0
cpu44 1044 10 500 90000 100 0 5 0 200 0
cpu45 1045 10 500 90000 100 0 5 0 200 0
cpu46 1046 10 500 90000 100 0 5 0 200 0
cpu47 1047 10 500 90000 100 0 5 0 200 0
cpu48 1048 10 500 90000 100 0 5 0 200 0
cpu49 1049 10 500 90000 100 0 5 0 200 0
cpu50 1050 10 500 90000 100 0 5 0 200 0
cpu51 1051 10 500 90000 100 0 5 0 200 0
cpu52 1052 10 500 90000 100 0 5 0 200 0
cpu53 1053 10 500 90000 100 0 5 0 200 0
cpu54 1054 10 500 90000 100 0 5 0 200 0
cpu55 1055 10 500 90000 100 0 5 0 200 0
cpu56 1056 10 500 90000 100 0 5 0 200 0
cpu57 1057 10 500 90000 100 0 5 0 200 0
cpu58 1058 10 500 90000 100 0 5 0 200 0
cpu59 1059 10 500 90000 100 0 5 0 200 0
cpu60 1060 10 500 90000 100 0 5 0 200 0
cpu61 1061 10 500 90000 100 0 5 0 200 0
cpu62 1062 10 500 90000 100 0 5 0 200 0
cpu63 1063 10 500 90000 100 0 5 0 200 0
cpu64 1064 10 500 90000 100 0 5 0 200 0
cpu65 1065 10 500 90000 100 0 5 0 200 0
cpu66 1066 10 500 90000 100 0 5 0 200 0
cpu67 1067 10 500 90000 100 0 5 0 200 0
cpu68 1068 10 500 90000 100 0 5 0 200 0
cpu69 1069 10 500 90000 100 0 5 0 200 0
cpu70 1070 10 500 90000 100 0 5 0 200 0
cpu71 1071 10 500 90000 100 0 5 0 200 0
cpu72 1072 10 500 90000 100 0 5 0 200 0
cpu73 1073 10 500 90000 100 0 5 0 200 0
cpu74 1074 10 500 90000 100 0 5 0 200 0
cpu75 1075 10 500 90000 100 0 5 0 200 0
cpu76 1076 10 500 90000 100 0 5 0 200 0
cpu77 1077 10 500 90000 100 0 5 0 200 0
cpu78 1078 10 500 90000 100 0 5 0 200 0
cpu79 1079 10 500 90000 100 0 5 0 200 0
cpu80 1080 10 500 90000 100 0 5 0 200 0
cpu81 1081 10 500 90000 100 0 5 0 200 0
cpu82 1082 10 500 90000 100 0 5 0 200 0
cpu83 1083 10 500 90000 100 0 5 0 200 0
cpu84 1084 10 500 90000 100 0 5 0 200 0
cpu85 1085 10 500 90000 100 0 5 0 200 0
cpu86 1086 10 500 90000 100 0 5 0 200 0
cpu87 1087 10 500 90000 100 0 5 0 200 0
cpu88 1088 10 500 90000 100 0 5 0 200 0
cpu89 1089 10 500 90000 100 0 5 0 200 0
cpu90 1090 10 500 90000 100 0 5 0 200 0
cpu91 1091 10 500 90000 100 0 5 0 200 0
cpu92 1092 10 500 90000 100 0 5 0 200 0
cpu93 1093 10 500 90000 100 0 5 0 200 0
cpu94 1094 10 500 90000 100 0 5 0 200 0
cpu95 1095 10 500 90000 100 0 5 0 200 0
intr 123456 0 0
ctxt 987654
btime 1727500000
processes 4242
procs_running 2
procs_blocked 0
