cpu 107760 960 48000 8659680 11520 0 480 0 20640 0
cpu0 1150 10 500 90130 120 0 5 0 230 0
cpu1 1151 10 500 90130 120 0 5 0 230 0
cpu2 1152 10 500 90130 120 0 5 0 230 0
cpu3 1153 10 500 90130 120 0 5 0 230 0
cpu4 1154 10 500 90130 120 0 5 0 230 0
cpu5 1155 10 500 90130 120 0 5 0 230 0
cpu6 1156 10 500 90130 120 0 5 0 230 0
cpu7 1157 10 500 90130 120 0 5 0 230 0
cpu8 1158 10 500 90130 120 0 5 0 230 0
cpu9 1159 10 500 90130 120 0 5 0 230 0
cpu10 1160 10 500 90130 120 0 5 0 230 0
cpu11 1161 10 500 90130 120 0 5 0 230 0
cpu12 1162 10 500 90130 120 0 5 0 230 0
cpu13 1163 10 500 90130 120 0 5 0 230 0
cpu14 1164 10 500 90130 120 0 5 0 230 0
cpu15 1165 10 500 90130 120 0 5 0 230 0
cpu16 1166 10 500 90130 120 0 5 0 230 0
cpu17 1167 10 500 90130 120 0 5 0 230 0
cpu18 1168 10 500 90130 120 0 5 0 230 0
cpu19 1169 10 500 90130 120 0 5 0 230 0
cpu20 1170 10 500 90130 120 0 5 0 230 0
cpu21 1171 10 500 90130 120 0 5 0 230 0
cpu22 1172 10 500 90130 120 0 5 0 230 0
cpu23 1173 10 500 90130 120 0 5 0 230 0
cpu24 1174 10 500 90130 120 0 5 0 230 0
cpu25 1175 10 500 90130 120 0 5 0 230 0
cpu26 1176 10 500 90130 120 0 5 0 230 0
cpu27 1177 10 500 90130 120 0 5 0 230 0
cpu28 1178 10 500 90130 120 0 5 0 230 0
cpu29 1179 10 500 90130 120 0 5 0 230 0
cpu30 1180 10 500 90130 120 0 5 0 230 0
cpu31 1181 10 500 90130 120 0 5 0 230 0
cpu32 1182 10 500 90130 120 0 5 0 230 0
cpu33 1183 10 500 90130 120 0 5 0 230 0
cpu34 1184 10 500 90130 120 0 5 0 230 0
cpu35 1185 10 500 90130 120 0 5 0 230 0
cpu36 1186 10 500 90130 120 0 5 0 230 0
cpu37 1187 10 500 90130 120 0 5 0 230 0
cpu38 1188 10 500 90130 120 0 5 0 230 0
cpu39 1189 10 500 90130 120 0 5 0 230 0
cpu40 1190 10 500 90130 120 0 5 0 230 0
cpu41 1191 10 500 90130 120 0 5 0 230 0
cpu42 1192 10 500 90130 120 0 5 0 230 0
cpu43 1193 10 500 90130 120 0 5 0 230 0
cpu44 1194 10 500 90130 120 0 5 0 230 0
cpu45 1195 10 500 90130 120 0 5 0 230 0
cpu46 1196 10 500 90130 120 0 5 0 230 0
cpu47 1197 10 500 90130 120 0 5 0 230 0
cpu48 1048 10 500 90280 120 0 5 0 200 0
cpu49 1049 10 500 90280 120 0 5 0 200 0
cpu50 1050 10 500 90280 120 0 5 0 200 0
cpu51 1051 10 500 90280 120 0 5 0 200 0
cpu52 1052 10 500 90280 120 0 5 0 200 0
cpu53 1053 10 500 90280 120 0 5 0 200 0
cpu54 1054 10 500 90280 120 0 5 0 200 0
cpu55 1055 10 500 90280 120 0 5 0 200 0
cpu56 1056 10 500 90280 120 0 5 0 200 0
cpu57 1057 10 500 90280 120 0 5 0 200 0
cpu58 1058 10 500 90280 120 0 5 0 200 0
cpu59 1059 10 500 90280 120 0 5 0 200 0
cpu60 1060 10 500 90280 120 0 5 0 200 0
cpu61 1061 10 500 90280 120 0 5 0 200 0
cpu62 1062 10 500 90280 120 0 5 0 200 0
cpu63 1063 10 500 90280 120 0 5 0 200 0
cpu64 1064 10 500 90280 120 0 5 0 200 0
cpu65 1065 10 500 90280 120 0 5 0 200 0
cpu66 1066 10 500 90280 120 0 5 0 200 0
cpu67 1067 10 500 90280 120 0 5 0 200 0
cpu68 1068 10 500 90280 120 0 5 0 200 0
cpu69 1069 10 500 90280 120 0 5 0 200 0
cpu70 1070 10 500 90280 120 0 5 0 200 0
cpu71 1071 10 500 90280 120 0 5 0 200 0
cpu72 1072 10 500 90280 120 0 5 0 200 0
cpu73 1073 10 500 90280 120 0 5 0 200 0
cpu74 1074 10 500 90280 120 0 5 0 200 0
cpu75 1075 10 500 90280 120 0 5 0 200 0
cpu76 1076 10 500 90280 120 0 5 0 200 0
cpu77 1077 10 500 90280 120 0 5 0 200 0
cpu78 1078 10 500 90280 120 0 5 0 200 0
cpu79 1079 10 500 90280 120 0 5 0 200 0
cpu80 1080 10 500 90280 120 0 5 0 200 0
cpu81 1081 10 500 90280 120 0 5 0 200 0
cpu82 1082 10 500 90280 120 0 5 0 200 0
cpu83 1083 10 500 90280 120 0 5 0 200 0
cpu84 1084 10 500 90280 120 0 5 0 200 0
cpu85 1085 10 500 90280 120 0 5 0 200 0
cpu86 1086 10 500 90280 120 0 5 0 200 0
cpu87 1087 10 500 90280 120 0 5 0 200 0
cpu88 1088 10 500 90280 120 0 5 0 200 0
cpu89 1089 10 500 90280 120 0 5 0 200 0
cpu90 1090 10 500 90280 120 0 5 0 200 0
cpu91 1091 10 500 90280 120 0 5 0 200 0
cpu92 1092 10 500 90280 120 0 5 0 200 0
cpu93 1093 10 500 90280 120 0 5 0 200 0
cpu94 1094 10 500 90280 120 0 5 0 200 0
cpu95 1095 10 500 90280 120 0 5 0 200 0
intr 123456 0 0
ctxt 987654
btime 1727500000
processes 4242
procs_running 2
procs_blocked 0
